# y+ u+
1.054557883895367321e-02 1.054527346420741131e-02
3.898567424427084342e-02 3.898150028900437245e-02
9.266416643727822213e-02 9.264057361745806432e-02
1.252587231094027254e-01 1.367162570668222499e-01
2.505195223879549959e-01 2.733507513552222434e-01
3.757844741318465687e-01 4.099030077045890952e-01
5.010556548931036636e-01 5.463695146975484640e-01
6.263351416067483024e-01 6.827437934717849322e-01
7.516250117188368884e-01 8.190162863844755448e-01
8.769273433142982244e-01 9.551743111953895360e-01
1.002244215244491921e+00 1.091202085662671406e+00
1.127577707255726258e+00 1.227080769441560637e+00
1.252929900117014883e+00 1.362788568485129526e+00
1.378302875748476097e+00 1.498300845869537712e+00
1.503698717349647662e+00 1.633590300055068889e+00
1.629119509528124343e+00 1.768627140815861143e+00
1.754567338428193679e+00 1.903379323461920736e+00
1.880044291859553240e+00 2.037812773883509898e+00
2.005552459426743095e+00 2.171891658707352679e+00
2.131093932657982748e+00 2.305578640567840676e+00
2.256670805135123636e+00 2.438835163929510941e+00
2.382285172623243685e+00 2.571621721306088570e+00
2.507939133200480342e+00 2.703898136467431268e+00
2.633634787388581255e+00 2.835623824570996376e+00
2.759374238283536673e+00 2.966758057981615959e+00
2.885159591686090153e+00 3.097260206951865324e+00
3.010992956233487838e+00 3.227089977449499436e+00
3.136876443530707270e+00 3.356207623172883014e+00
3.262812168282206660e+00 3.484574148882592759e+00
3.388802248424670704e+00 3.612151488457159942e+00
3.514848805259357611e+00 3.738902670786629745e+00
3.640953963585282782e+00 3.864791961860814862e+00
3.767119851832484656e+00 3.989784993084414921e+00
3.893348602196407438e+00 4.113848867897210049e+00
4.019642350771722050e+00 4.236952254385637495e+00
4.146003237687666321e+00 4.359065458683108574e+00
4.272433407242829162e+00 4.480160485067607112e+00
4.398935008041679140e+00 4.600211079489164412e+00
4.525510193130072523e+00 4.719192761090074129e+00
4.652161120132661587e+00 4.837082839792196332e+00
4.778889951390509871e+00 4.953860423493243736e+00
4.905698854098268669e+00 5.069506413850364268e+00
5.032590000443544653e+00 5.184003493414264696e+00
5.159565567745747927e+00 5.297336103679769259e+00
5.286627738595706560e+00 5.409490416217606068e+00
5.413778700996468629e+00 5.520454296817151274e+00
5.541020648504066948e+00 5.630217264340328320e+00
5.668355780369485508e+00 5.738770444425867367e+00
5.795786301680778685e+00 5.846106519379232758e+00
5.923314423506750082e+00 5.952219674493324675e+00
6.050942363040112681e+00 6.057105541845951180e+00
6.178672343742686479e+00 6.160761141857665990e+00
6.306506595490467326e+00 6.263184823424770009e+00
6.434447354719905476e+00 6.364376202908042401e+00
6.562496864574529631e+00 6.464336102606260681e+00
6.690657375053257638e+00 6.563066488968367196e+00
6.818931143158510011e+00 6.660570411023594595e+00
6.947320433045737431e+00 6.756851939244926442e+00
7.075827516173860410e+00 6.851916105204836072e+00
7.204454671456393733e+00 6.945768842195752413e+00
7.333204185413634946e+00 7.038416927077697949e+00
7.462078352325355546e+00 7.129867923483157455e+00
7.591079474385446169e+00 7.220130126564303197e+00
7.720209861856220712e+00 7.309212509373482547e+00
7.849471833224733075e+00 7.397124671000679719e+00
7.978867715359622359e+00 7.483876786523913083e+00
8.108399843669085172e+00 7.569479558847586276e+00
8.238070562259984797e+00 7.653944172455314110e+00
8.367882224097769495e+00 7.737282249113514254e+00
8.497837191168036597e+00 7.819505805527894537e+00
8.627937834638391479e+00 7.900627212959463463e+00
8.758186535022280950e+00 7.980659158782085427e+00
8.888585682343304484e+00 8.059614609966081034e+00
9.019137676301230755e+00 8.137506778454211442e+00
9.149844926438776227e+00 8.214349088398021692e+00
9.280709852309950492e+00 8.290155145209642029e+00
9.411734883649378602e+00 8.364938706385164124e+00
9.542922460543318053e+00 8.438713654046871682e+00
9.674275033601068330e+00 8.511493969152589045e+00
9.805795064128849603e+00 8.583293707314465948e+00
9.937485024304164583e+00 8.654126976170738672e+00
1.006934739735207174e+01 8.724007914250243800e+00
1.020138467772215485e+01 8.792950671270517660e+00
1.033359937126753003e+01 8.860969389809117303e+00
1.046599399542556874e+01 8.928078188287994266e+00
1.059857107939851417e+01 8.994291145211473548e+00
1.073133316433778184e+01 9.059622284598798814e+00
1.086428280352781606e+01 9.124085562553421624e+00
1.099742256257261630e+01 9.187694854912434650e+00
1.113075501958375213e+01 9.250463945920790465e+00
1.126428276536916151e+01 9.312406517876826939e+00
1.139800840362462964e+01 9.373536141697163870e+00
1.153193455112602983e+01 9.433866268350705298e+00
1.166606383792370671e+01 9.493410221113506964e+00
1.180039890753859488e+01 9.552181188598089179e+00
1.193494241715946202e+01 9.610192218512375817e+00
1.206969703784283610e+01 9.667456212105250302e+00
1.220466545471374431e+01 9.723985919257909671e+00
1.233985036716899053e+01 9.779793934180759152e+00
1.247525448908183066e+01 9.834892691678536636e+00
1.261088054900880628e+01 9.889294463946708191e+00
1.274673129039790886e+01 9.943011357864554256e+00
1.288280947179980274e+01 9.996055312751003896e+00
1.301911786707933771e+01 1.004843809855177028e+01
1.315565926563068011e+01 1.010017131442670824e+01
1.329243647259334260e+01 1.015126638770863110e+01
1.342945230907093901e+01 1.020173457320601251e+01
1.356670961235147566e+01 1.025158695282354770e+01
1.370421123613003900e+01 1.030083443547592736e+01
1.384196005073368951e+01 1.034948775727235137e+01
1.397995894334819944e+01 1.039755748194984264e+01
1.411821081824736801e+01 1.044505400153572161e+01
1.425671859702449851e+01 1.049198753722033750e+01
1.439548521882567833e+01 1.053836814042278647e+01
1.453451364058607354e+01 1.058420569403292610e+01
1.467380683726808499e+01 1.062950991381403654e+01
1.481336780210198434e+01 1.067429034995121917e+01
1.495319954682922159e+01 1.071855638873120853e+01
1.509330510194752506e+01 1.076231725433884812e+01
1.523368751695923962e+01 1.080558201075721492e+01
1.537434986062182141e+01 1.084835956375725807e+01
1.551529522120067206e+01 1.089065866296407314e+01
1.565652670672509750e+01 1.093248790398680192e+01
1.579804744524633975e+01 1.097385573060024910e+01
1.593986058509892523e+01 1.101477043696657709e+01
1.608196929516383378e+01 1.105524016988638891e+01
1.622437676513542115e+01 1.109527293106985546e+01
1.636708620579012674e+01 1.113487657941891662e+01
1.651010084925903953e+01 1.117405883331369942e+01
1.665342394930251402e+01 1.121282727289607273e+01
1.679705878158791776e+01 1.125118934234580514e+01
1.694100864397060136e+01 1.128915235214436663e+01
1.708527685677783836e+01 1.132672348132296669e+01
1.722986676309507104e+01 1.136390977969180405e+01
1.737478172905639440e+01 1.140071817004791832e+01
1.752002514413726431e+01 1.143715545035945880e+01
1.766560042145091458e+01 1.147322829592382298e+01
1.781151099804749549e+01 1.150894326149811775e+01
1.795776033521703852e+01 1.154430678339906891e+01
1.810435191879532368e+01 1.157932518157055846e+01
1.825128925947323921e+01 1.161400466161586387e+01
1.839857589310967967e+01 1.164835131679258851e+01
1.854621538104743195e+01 1.168237112996730964e+01
1.869421131043317175e+01 1.171606997552791718e+01
1.884256729454083512e+01 1.174945362125106918e+01
1.899128697309807379e+01 1.178252773012307308e+01
1.914037401261728988e+01 1.181529786211266853e+01
1.928983210672948445e+01 1.184776947589483953e+01
1.943966497652225200e+01 1.187994793052538967e+01
1.958987637088202760e+01 1.191183848706710080e+01
1.974047006683910510e+01 1.194344631016932468e+01
1.989144986991771802e+01 1.197477646960366648e+01
2.004281961448950256e+01 1.200583394175989049e+01
2.019458316413057020e+01 1.203662361110762724e+01
2.034674441198406569e+01 1.206715027162945653e+01
2.049930728112513023e+01 1.209741862823277714e+01
2.065227572493145303e+01 1.212743329814720639e+01
2.080565372745725128e+01 1.215719881231433774e+01
2.095944530381166615e+01 1.218671961677619642e+01
2.111365450054226045e+01 1.221600007406689592e+01
2.126828539602184875e+01 1.224504446461019569e+01
2.142334210084043988e+01 1.227385698812437553e+01
2.157882875820202884e+01 1.230244176503218512e+01
2.173474954432498762e+01 1.233080283787234244e+01
2.189110866884862006e+01 1.235894417270647594e+01
2.204791037524277897e+01 1.238686966051401583e+01
2.220515894122346268e+01 1.241458311856620256e+01
2.236285867917334258e+01 1.244208829177132003e+01
2.252101393656599981e+01 1.246938885398328267e+01
2.267962909639690139e+01 1.249648840926822579e+01
2.283870857761782958e+01 1.252339049312550046e+01
2.299825683557778078e+01 1.255009857366366255e+01
2.315827836246799620e+01 1.257661605273384708e+01
2.331877768777307480e+01 1.260294626702684440e+01
2.347975937872694630e+01 1.262909248914196425e+01
2.364122804077440776e+01 1.265505792863836021e+01
2.380318831803846891e+01 1.268084573308018115e+01
2.396564489379272089e+01 1.270645898908705540e+01
2.412860249093972342e+01 1.273190072340227097e+01
2.429206587249488436e+01 1.275717390398871132e+01
2.445603984207648907e+01 1.278228144116236820e+01
2.462052924440099488e+01 1.280722618877079455e+01
2.478553896578517879e+01 1.283201094542186915e+01
2.495107393465321621e+01 1.285663845576559616e+01
2.511713912205058108e+01 1.288111141182879926e+01
2.528373954216435493e+01 1.290543245439906705e+01
2.545088025284877986e+01 1.292960417445125643e+01
2.561856635615825439e+01 1.295362911460554756e+01
2.578680299888612382e+01 1.297750977060382027e+01
2.595559537310997555e+01 1.300124859278761136e+01
2.612494871674405772e+01 1.302484798755957485e+01
2.629486831409786518e+01 1.304831031880980419e+01
2.646535949644128038e+01 1.307163790928940905e+01
2.663642764257753370e+01 1.309483304191611985e+01
2.680807817942197602e+01 1.311789796100057437e+01
2.698031658258870991e+01 1.314083487338615619e+01
2.715314837698369388e+01 1.316364594950176325e+01
2.732657913740570876e+01 1.318633332433076788e+01
2.750061448915390372e+01 1.320889909830522946e+01
2.767526010864349573e+01 1.323134533813809632e+01
2.785052172402784976e+01 1.325367407760800198e+01
2.802640511582956862e+01 1.327588731831304791e+01
2.820291611757819084e+01 1.329798703040790997e+01
2.838006061645542033e+01 1.331997515333774196e+01
2.855784455394947230e+01 1.334185359657769077e+01
2.873627392651610890e+01 1.336362424038448538e+01
2.891535478624826894e+01 1.338528893656169316e+01
2.909509324155354193e+01 1.340684950923722774e+01
2.927549545784072293e+01 1.342830775564970125e+01
2.945656765821334133e+01 1.344966544693762778e+01
2.963831612417248351e+01 1.347092432892547009e+01
2.982074719632798221e+01 1.349208612290010478e+01
3.000386727511852314e+01 1.351315252637184727e+01
3.018768282153950366e+01 1.353412521381507894e+01
3.037220035788101669e+01 1.355500583738433029e+01
3.055742646847341959e+01 1.357579602760342752e+01
3.074336780044322381e+01 1.359649739402603785e+01
3.093003106447699224e+01 1.361711152586782703e+01
3.111742303559521972e+01 1.363763999261126258e+01
3.130555055393524810e+01 1.365808434458477727e+01
3.149442052554329763e+01 1.367844611351912754e+01
3.168403992317668383e+01 1.369872681308198459e+01
3.187441578711521828e+01 1.371892793939337096e+01
3.206555522598214480e+01 1.373905097152159804e+01
3.225746541757582975e+01 1.375909737196062999e+01
3.245015360971018481e+01 1.377906858708784021e+01
3.264362712106570541e+01 1.379896604760153345e+01
3.283789334205128796e+01 1.381879116893770387e+01
3.303295973567468735e+01 1.383854535166650734e+01
3.322883383842518867e+01 1.385822998186910482e+01
3.342552326116501149e+01 1.387784643149717034e+01
3.362303569003268677e+01 1.389739605871852568e+01
3.382137888735609010e+01 1.391688020825257333e+01
3.402056069257649540e+01 1.393630021170029032e+01
3.422058902318380547e+01 1.395565738787258070e+01
3.442147187566246203e+01 1.397495304312092834e+01
3.462321732644799255e+01 1.399418847167144442e+01
3.482583353289562211e+01 1.401336495596316034e+01
3.502932873425908156e+01 1.403248376698794431e+01
3.523371125268175774e+01 1.405154616462920991e+01
3.543898949419819644e+01 1.407055339799433469e+01
3.564517194974791892e+01 1.408950670573750230e+01
3.585226719620068536e+01 1.410840731637107304e+01
3.606028389739297069e+01 1.412725644856728380e+01
3.626923080517689613e+01 1.414605531145737061e+01
3.647911676048057927e+01 1.416480510494002587e+01
3.668995069438024359e+01 1.418350702001672659e+01
3.690174162918502532e+01 1.420216223917503129e+01
3.711449867953306381e+01 1.422077193684099861e+01
3.732823105350050241e+01 1.423933727992105780e+01
3.754294805372216359e+01 1.425785942844518139e+01
3.775865907852468695e+01 1.427633953631460173e+01
3.797537362307203779e+01 1.429477875214298344e+01
3.819310128052392628e+01 1.431317822016485408e+01
3.841185174320575157e+01 1.433153908116965702e+01
3.863163480379163417e+01 1.434986247340709653e+01
3.885246035650048668e+01 1.436814953339922241e+01
3.907433839830375888e+01 1.438640139659292849e+01
3.929727903014675405e+01 1.440461919778933009e+01
3.952129245818162673e+01 1.442280407129837627e+01
3.974638899501456279e+01 1.444095715078593045e+01
3.997257906096429281e+01 1.445907956880278356e+01
4.019987318533434717e+01 1.447717245601135261e+01
4.042828200769752556e+01 1.449523694014894204e+01
4.065781627919375296e+01 1.451327414478528688e+01
4.088848686384007181e+01 1.453128518794313528e+01
4.112030473985391410e+01 1.454927118065461755e+01
4.135328100098911364e+01 1.456723322552070243e+01
4.158742685788455162e+01 1.458517241533190933e+01
4.182275363942510182e+01 1.460308983179362663e+01
4.205927279411658759e+01 1.462098654438364420e+01
4.229699589147174521e+01 1.463886360935302555e+01
4.253593462340971598e+01 1.465672206886512186e+01
4.277610080566819306e+01 1.467456295025352375e+01
4.301750637922720699e+01 1.469238726536633344e+01
4.326016341174588575e+01 1.471019600995589016e+01
4.350408409901131535e+01 1.472799016306765907e+01
4.374928076639938013e+01 1.474577068638524935e+01
4.399576587034758290e+01 1.476353852349894602e+01
4.424355199983997977e+01 1.478129459908315368e+01
4.449265187790358311e+01 1.479903981799088086e+01
4.474307836311598408e+01 1.481677506429356583e+01
4.499484445112528874e+01 1.483450120031130481e+01
4.524796327617987401e+01 1.485221906568350114e+01
4.550244811267008060e+01 1.486992947652735353e+01
4.575831237668016627e+01 1.488763322472028428e+01
4.601556962755068980e+01 1.490533107732511908e+01
4.627423356945095634e+01 1.492302377615850340e+01
4.653431805296150969e+01 1.494071203748330845e+01
4.679583707666613890e+01 1.495839655179063499e+01
4.705880478875288020e+01 1.497607798363139686e+01
4.732323548862390794e+01 1.499375697146293618e+01
4.758914362851403013e+01 1.501143412749896200e+01
4.785654381511728417e+01 1.502911003758645592e+01
4.812545081122031831e+01 1.504678526117427850e+01
4.839587953734446302e+01 1.506446033147745922e+01
4.866784507339279031e+01 1.508213575596655609e+01
4.894136266030444915e+01 1.509981201731534206e+01
4.921644770171405270e+01 1.511748957491878720e+01
4.949311576561611759e+01 1.513516886704803888e+01
4.977138258603414300e+01 1.515285031364068580e+01
5.005126406469296541e+01 1.517053431964164290e+01
5.033277627269465881e+01 1.518822127872642369e+01
5.061593545219640333e+01 1.520591157716754083e+01
5.090075801808998790e+01 1.522360559756912224e+01
5.118726055968208755e+01 1.524130372220489704e+01
5.147545984237481775e+01 1.525900633574897647e+01
5.176537280934428509e+01 1.527671382727222493e+01
5.205701658321875414e+01 1.529442659146299199e+01
5.235040846775245171e+01 1.531214502909592490e+01
5.264556594949636548e+01 1.532986954680931291e+01
5.294250669946401189e+01 1.534760055626801112e+01
5.324124857479048245e+01 1.536533847280892751e+01
5.354180962038498848e+01 1.538308371370069771e+01
5.384420807057406222e+01 1.540083669620574192e+01
5.414846235073581227e+01 1.541859783569339193e+01
5.445459107892203576e+01 1.543636754409153333e+01
5.476261306746845747e+01 1.545414622895600409e+01
5.507254732459046664e+01 1.547193429336758719e+01
5.538441305596315800e+01 1.548973213673700577e+01
5.569822966628468919e+01 1.550754015643128092e+01
5.601401676081936643e+01 1.552535874996607390e+01
5.633179414692146025e+01 1.554318831738171980e+01
5.665158183553550941e+01 1.556102926336522252e+01
5.697340004267208258e+01 1.557888199870617285e+01
5.729726919085721448e+01 1.559674694075479273e+01
5.762320991055364772e+01 1.561462451266185703e+01
5.795124304154978034e+01 1.563251514129495945e+01
5.828138963431729991e+01 1.565041925385420107e+01
5.861367095133191185e+01 1.566833727336642390e+01
5.894810846835677154e+01 1.568626961342361348e+01
5.928472387568510982e+01 1.570421667272141875e+01
5.962353907933966468e+01 1.572217883008263506e+01
5.996457620222630425e+01 1.574015644065676156e+01
6.030785758523828832e+01 1.575814983383805590e+01
6.065340578830884510e+01 1.577615931316048226e+01
6.100124359140874475e+01 1.579418515806733581e+01
6.135139399548534556e+01 1.581222762709561991e+01
6.170388022334026346e+01 1.583028696173573024e+01
6.205872572044105340e+01 1.584836339010151995e+01
6.241595415566514049e+01 1.586645712962193855e+01
6.277558942196988312e+01 1.588456838823831241e+01
6.313765563698735406e+01 1.590269736399779710e+01
6.350217714353721021e+01 1.592084424335269865e+01
6.386917851005549096e+01 1.593900919878931965e+01
6.423868453093415098e+01 1.595719238651959948e+01
6.461072022676643201e+01 1.597539394482309305e+01
6.498531084449396644e+01 1.599361399324038935e+01
6.536248185745105843e+01 1.601185263228841649e+01
6.574225896529959812e+01 1.603010994288573698e+01
6.612466809385159650e+01 1.604838598445319420e+01
6.650973539477188012e+01 1.606668079082053424e+01
6.689748724515700928e+01 1.608499436356131440e+01
6.728795024698338523e+01 1.610332666297776782e+01
6.768115122641974324e+01 1.612167759744420792e+01
6.807711723299703976e+01 1.614004701209308479e+01
6.847587553862987875e+01 1.615843467794755739e+01
6.887745363648264174e+01 1.617684028267791163e+01
6.928187923967378481e+01 1.619526342423624499e+01
6.968918027981166574e+01 1.621370360864206006e+01
7.009938490535363087e+01 1.623216025299516474e+01
7.051252147978247820e+01 1.625063269423685597e+01
7.092861857959145766e+01 1.626912020327564790e+01
7.134770499207064631e+01 1.628762200297784801e+01
7.176980971288651290e+01 1.630613728744239310e+01
7.219496194344631590e+01 1.632466523918204260e+01
7.262319108803863799e+01 1.634320504061612311e+01
7.305452675074202773e+01 1.636175587689638888e+01
7.348899873209174416e+01 1.638031692858048771e+01
7.392663702549600657e+01 1.639888735472689163e+01
7.436747181339265467e+01 1.641746626903074002e+01
7.481153346313517716e+01 1.643605271305638738e+01
7.525885252260016500e+01 1.645464563109388578e+01
7.570945971550376896e+01 1.647324385062993102e+01
7.616338593641864918e+01 1.649184607116460555e+01
7.662066224547960758e+01 1.651045086263044936e+01
7.708131986276745806e+01 1.652905667350260899e+01
7.754539016236017801e+01 1.654766184802278062e+01
7.801290466603937546e+01 1.656626465154643668e+01
7.848389503664095912e+01 1.658486330247785290e+01
7.895839307103832994e+01 1.660345600848630809e+01
7.943643069274580171e+01 1.662204100391307904e+01
7.991803994412983059e+01 1.664061658464672533e+01
8.040325297821622996e+01 1.665918113624761787e+01
8.089210205008023991e+01 1.667773315088362551e+01
8.138461950780680354e+01 1.669627122919575157e+01
8.188083778300824633e+01 1.671479406489260100e+01
8.238078938088597170e+01 1.673330041222745379e+01
8.288450686982298521e+01 1.675178903860294355e+01
8.339202287049397455e+01 1.677025866597843873e+01
8.390337004447927427e+01 1.678870790599682294e+01
8.441858108236890246e+01 1.680713519530607414e+01
8.493768869134373745e+01 1.682553873920690535e+01
8.546072558221901261e+01 1.684391647254184932e+01
8.598772445593718317e+01 1.686226604540270202e+01
8.651871798949595416e+01 1.688058483715055047e+01
8.705373882129778451e+01 1.689886999640960141e+01
8.759281953590762271e+01 1.691711849945054880e+01
8.813599264820386736e+01 1.693532721669586039e+01
8.868329058691119826e+01 1.695349297739138450e+01
8.923474567749927644e+01 1.697161262506945434e+01
8.979039012443666934e+01 1.698968306024984187e+01
9.035025599278513653e+01 1.700770127062116899e+01
9.091437518912263727e+01 1.702566435142715662e+01
9.148277944178204280e+01 1.704356951972241063e+01
9.205550028039409938e+01 1.706141412661245482e+01
9.263256901472259131e+01 1.707919567177114928e+01
9.321401671278091783e+01 1.709691182228080564e+01
9.379987417821885742e+01 1.711456043160031015e+01
9.439017192697041025e+01 1.713213954801277694e+01
9.498494016315258648e+01 1.714964740243948782e+01
9.558420875420664231e+01 1.716708237469324061e+01
9.618800720527401893e+01 1.718444294737061995e+01
9.679636463279992142e+01 1.720172765922849223e+01
9.740930973735814291e+01 1.721893506578053135e+01
9.802687077569220264e+01 1.723606371063692322e+01
9.864907553196889012e+01 1.725311210904570913e+01
9.927595128824093251e+01 1.727007874182183045e+01
9.990752479411733589e+01 1.728696205268120067e+01
1.005438222356416418e+02 1.730376044061421226e+01
1.011848692033774739e+02 1.732047224675446628e+01
1.018306906597066757e+02 1.733709574921171992e+01
1.024813109053413029e+02 1.735362918789596876e+01
1.031367535450578856e+02 1.737007083371873506e+01
1.037970414526601104e+02 1.738641909503743221e+01
1.044621967351801004e+02 1.740267263554338939e+01
1.051322406963302143e+02 1.741883047758849301e+01
1.058071937992183535e+02 1.743489207998010926e+01
1.064870756283433764e+02 1.745085738973821776e+01
1.071719048508884242e+02 1.746672685915300605e+01
1.078616991773331932e+02 1.748250140265990282e+01
1.085564753214078877e+02 1.749818226828831058e+01
1.092562489594148332e+02 1.751377082721410616e+01
1.099610346889462278e+02 1.752926832108741095e+01
1.106708459870291819e+02 1.754467562030458794e+01
1.113856951677321803e+02 1.755999303855891114e+01
1.121055933392704986e+02 1.757522024438523900e+01
1.128305503606497950e+02 1.759035630736432054e+01
1.135605747978925706e+02 1.760539988280017809e+01
1.142956738798928171e+02 1.762034946901116328e+01
1.150358534539497128e+02 1.763520361914394030e+01
1.157811179410321643e+02 1.764996101355588820e+01
1.165314702908331128e+02 1.766462038830905712e+01
1.172869119366704922e+02 1.767918039164111121e+01
1.180474427503016699e+02 1.769363944553988333e+01
1.188130609967154783e+02 1.770799564486539879e+01
1.195837632889743958e+02 1.772224668805550962e+01
1.203595445431795952e+02 1.773638982798361852e+01
1.211403979336370043e+02 1.775042185084178925e+01
1.219263148483051538e+02 1.776433910940821193e+01
1.227172848446090114e+02 1.777813762491106431e+01
1.235132956057076825e+02 1.779181323236509371e+01
1.243143328973067980e+02 1.780536172802495187e+01
1.251203805251096952e+02 1.781877900842260942e+01
1.259314202930050186e+02 1.783206121526288968e+01
1.267474319620896495e+02 1.784520486879301870e+01
1.275683932106314273e+02 1.785820692110702979e+01
1.283942795950755169e+02 1.787106467076620575e+01
1.292250645122034030e+02 1.788377557370531434e+01
1.300607191625540224e+02 1.789633708785993704e+01
1.309012125152181341e+02 1.790874668469864872e+01
1.317465112741211897e+02 1.792100200952361178e+01
1.325965798459079394e+02 1.793310099363758070e+01
1.334513803095454705e+02 1.794504172233524386e+01
1.343108723877613784e+02 1.795682209257916284e+01
1.351750134204336007e+02 1.796843951326373556e+01
1.360437583400499761e+02 1.797989084544345317e+01
1.369170596493523249e+02 1.799117252347072338e+01
1.377948674012832555e+02 1.800228066011872485e+01
1.386771291813482492e+02 1.801321105577192938e+01
1.395637900925068209e+02 1.802395921778645516e+01
1.404547927427034608e+02 1.803452053438281055e+01
1.413500772351462729e+02 1.804489062032876134e+01
1.422495811614384991e+02 1.805506568020814484e+01
1.431532395976636849e+02 1.806504267469746949e+01
1.440609851035227393e+02 1.807481921091516597e+01
1.449727477246145213e+02 1.808439328645279787e+01
1.458884549979481164e+02 1.809376308156967283e+01
1.468080319607678064e+02 1.810292688771287217e+01
1.477314011627672983e+02 1.811188311473172163e+01
1.486584826817613134e+02 1.812063023540359197e+01
1.495891941428767780e+02 1.812916657715050306e+01
1.505234507413179017e+02 1.813749002847295344e+01
1.514611652687506478e+02 1.814559779373756498e+01
1.524022481433442806e+02 1.815348625412610417e+01
1.533466074434991526e+02 1.816115097361769770e+01
1.542941489452789483e+02 1.816858693366264532e+01
1.552447761635573613e+02 1.817578897983365138e+01
1.561983903968789491e+02 1.818275227444761555e+01
1.571548907760223699e+02 1.818947253051024759e+01
1.581141743162454532e+02 1.819594595918415081e+01
1.590761359731794187e+02 1.820216900680943439e+01
1.600406687023285883e+02 1.820813805034726229e+01
1.610076635221226411e+02 1.821384927342638349e+01
1.619770095804543644e+02 1.821929881878025270e+01
1.629485942246273567e+02 1.822448302663388731e+01
1.639223030746261145e+02 1.822939847105655531e+01
1.648980200996091128e+02 1.823404172135845158e+01
1.658756276975164781e+02 1.823840896203398998e+01
1.668550067776708943e+02 1.824249564642472876e+01
1.678360368462425072e+02 1.824629639053718222e+01
1.688185960944362591e+02 1.824980528364380561e+01
1.698025614892522697e+02 1.825301656075146539e+01
1.707878088666594749e+02 1.825592535948301531e+01
1.717742130270140422e+02 1.825852829530671073e+01
1.727616478325469984e+02 1.826082368639971065e+01
1.737499863067362469e+02 1.826281132098562310e+01
1.747391007353720624e+02 1.826449183965443268e+01
1.757288627691195018e+02 1.826586606435747484e+01
1.767191435273734044e+02 1.826693460320248263e+01
1.777098137031990746e+02 1.826769777172670217e+01
1.787007436691459077e+02 1.826815567322617184e+01
1.796918035837194623e+02 1.826830831045079151e+01
